# Compressed E 9->4 bits.
# Index is E (9 bits). Compressed E is encoded on 4 bits
#anything after # is ignored with the exception of the header
#the header is first valid line starting with #<header> versionStr(unused but may be in future) nrBitsAddress nrBitsData </header>
#<header> V4 9 4 </header>>

0 0
1 0
2 0
3 0
4 0
5 0
6 0
7 0
8 0
9 0
10 0
11 0
12 0
13 0
14 0
15 0
16 0
17 0
18 1
19 1
20 1
21 1
22 1
23 2
24 2
25 2
26 2
27 2
28 3
29 3
30 3
31 3
32 3
33 3
34 4
35 4
36 4
37 4
38 4
39 4
40 4
41 5
42 5
43 5
44 5
45 5
46 6
47 6
48 6
49 6
50 6
51 7
52 7
53 7
54 7
55 7
56 7
57 7
58 7
59 7
60 7
61 8
62 8
63 8
64 8
65 8
66 8
67 8
68 8
69 8
70 8
71 8
72 9
73 9
74 9
75 9
76 9
77 9
78 9
79 9
80 9
81 9
82  10
83  10
84  10
85  10
86  10
87  10
88  10
89  10
90  11
91  11
92  11
93  11
94  11
95  11
96  12
97  12
98  12
99  12
100 13
101 13
102 13
103 13
104 13
105 13
106 13
107 13
108 13
109 13
110 13
111 13
112 13
113 13
114 13
115 13
116 13
117 13
118 13
119 13
120 14
121 14
122 14
123 14
124 14
125 14
126 14
127 14
128 14
129 14
130 14
131 14
132 14
133 14
134 14
135 14
136 14
137 14
138 14
139 14
140 14
141 14
142 14
143 14
144 14
145 14
146 14
147 14
148 14
149 14
150 14
151 14
152 14
153 14
154 14
155 14
156 14
157 14
158 14
159 14
160 15
161 15
162 15
163 15
164 15
165 15
166 15
167 15
168 15
169 15
170 15
171 15
172 15
173 15
174 15
175 15
176 15
177 15
178 15
179 15
180 15
181 15
182 15
183 15
184 15
185 15
186 15
187 15
188 15
189 15
190 15
191 15
192 15
193 15
194 15
195 15
196 15
197 15
198 15
199 15
200 15
201 15
202 15
203 15
204 15
205 15
206 15
207 15
208 15
209 15
210 15
211 15
212 15
213 15
214 15
215 15
216 15
217 15
218 15
219 15
220 15
221 15
222 15
223 15
224 15
225 15
226 15
227 15
228 15
229 15
230 15
231 15
232 15
233 15
234 15
235 15
236 15
237 15
238 15
239 15
240 15
241 15
242 15
243 15
244 15
245 15
246 15
247 15
248 15
249 15
250 15
251 15
252 15
253 15
254 15
255 15
