0   0   
1   0   
2   0   
3   0   
4   0   
5   0   
6   1   
7   1   
8   1   
9   1   
10  1   
11  2   
12  2   
13  2   
14  2   
15  2   
16  3   
17  3   
18  3   
19  3   
20  3   
21  4   
22  4   
23  4   
24  4   
25  4   
26  5   
27  5   
28  5   
29  5   
30  5   
31  6   
32  6   
33  6   
34  6   
35  6   
36  7   
37  7   
38  7   
39  7   
40  7   
41  8   
42  8   
43  8   
44  8   
45  8   
46  9   
47  9   
48  9   
49  9   
50  9   
51  10  
52  10  
53  10  
54  10  
55  10  
56  11  
57  11  
58  11  
59  11  
60  11  
61  12  
62  12  
63  12  
64  12  
65  12  
66  13  
67  13  
68  13  
69  13  
70  13  
71  14  
72  14  
73  14  
74  14  
75  14  
76  15  
77  15  
78  15  
79  15  
80  15  
81  16  
82  16  
83  16  
84  16  
85  16  
86  17  
87  17  
88  17  
89  17  
90  17  
91  18  
92  18  
93  18  
94  18  
95  18  
96  19  
97  19  
98  19  
99  19  
100 19  
101 20  
102 20  
103 20  
104 20  
105 20  
106 21  
107 21  
108 21  
109 21  
110 21  
111 22  
112 22  
113 22  
114 22  
115 22  
116 23  
117 23  
118 23  
119 23  
120 23  
121 24  
122 24  
123 24  
124 24  
125 24  
126 25  
127 25  
128 25  
129 25  
130 25  
131 26  
132 26  
133 26  
134 26  
135 26  
136 27  
137 27  
138 27  
139 27  
140 27  
141 28  
142 28  
143 28  
144 28  
145 28  
146 29  
147 29  
148 29  
149 29  
150 29  
151 30  
152 30  
153 30  
154 30  
155 30  
156 31  
157 31  
158 31  
159 31  
160 31  
161 31  
162 31  
163 31  
164 31  
165 31  
166 31  
167 31  
168 31  
169 31  
170 31  
171 31  
172 31  
173 31  
174 31  
175 31  
176 31  
177 31  
178 31  
179 31  
180 31  
181 31  
182 31  
183 31  
184 31  
185 31  
186 31  
187 31  
188 31  
189 31  
190 31  
191 31  
192 31  
193 31  
194 31  
195 31  
196 31  
197 31  
198 31  
199 31  
200 31  
201 31  
202 31  
203 31  
204 31  
205 31  
206 31  
207 31  
208 31  
209 31  
210 31  
211 31  
212 31  
213 31  
214 31  
215 31  
216 31  
217 31  
218 31  
219 31  
220 31  
221 31  
222 31  
223 31  
224 31  
225 31  
226 31  
227 31  
228 31  
229 31  
230 31  
231 31  
232 31  
233 31  
234 31  
235 31  
236 31  
237 31  
238 31  
239 31  
240 31  
241 31  
242 31  
243 31  
244 31  
245 31  
246 31  
247 31  
248 31  
249 31  
250 31  
251 31  
252 31  
253 31  
254 31  
255 31  
256 31  
257 31  
258 31  
259 31  
260 31  
261 31  
262 31  
263 31  
264 31  
265 31  
266 31  
267 31  
268 31  
269 31  
270 31  
271 31  
272 31  
273 31  
274 31  
275 31  
276 31  
277 31  
278 31  
279 31  
280 31  
281 31  
282 31  
283 31  
284 31  
285 31  
286 31  
287 31  
288 31  
289 31  
290 31  
291 31  
292 31  
293 31  
294 31  
295 31  
296 31  
297 31  
298 31  
299 31  
300 31  
301 31  
302 31  
303 31  
304 31  
305 31  
306 31  
307 31  
308 31  
309 31  
310 31  
311 31  
312 31  
313 31  
314 31  
315 31  
316 31  
317 31  
318 31  
319 31  
320 31  
321 31  
322 31  
323 31  
324 31  
325 31  
326 31  
327 31  
328 31  
329 31  
330 31  
331 31  
332 31  
333 31  
334 31  
335 31  
336 31  
337 31  
338 31  
339 31  
340 31  
341 31  
342 31  
343 31  
344 31  
345 31  
346 31  
347 31  
348 31  
349 31  
350 31  
351 31  
352 31  
353 31  
354 31  
355 31  
356 31  
357 31  
358 31  
359 31  
360 31  
361 31  
362 31  
363 31  
364 31  
365 31  
366 31  
367 31  
368 31  
369 31  
370 31  
371 31  
372 31  
373 31  
374 31  
375 31  
376 31  
377 31  
378 31  
379 31  
380 31  
381 31  
382 31  
383 31  
384 31  
385 31  
386 31  
387 31  
388 31  
389 31  
390 31  
391 31  
392 31  
393 31  
394 31  
395 31  
396 31  
397 31  
398 31  
399 31  
400 31  
401 31  
402 31  
403 31  
404 31  
405 31  
406 31  
407 31  
408 31  
409 31  
410 31  
411 31  
412 31  
413 31  
414 31  
415 31  
416 31  
417 31  
418 31  
419 31  
420 31  
421 31  
422 31  
423 31  
424 31  
425 31  
426 31  
427 31  
428 31  
429 31  
430 31  
431 31  
432 31  
433 31  
434 31  
435 31  
436 31  
437 31  
438 31  
439 31  
440 31  
441 31  
442 31  
443 31  
444 31  
445 31  
446 31  
447 31  
448 31  
449 31  
450 31  
451 31  
452 31  
453 31  
454 31  
455 31  
456 31  
457 31  
458 31  
459 31  
460 31  
461 31  
462 31  
463 31  
464 31  
465 31  
466 31  
467 31  
468 31  
469 31  
470 31  
471 31  
472 31  
473 31  
474 31  
475 31  
476 31  
477 31  
478 31  
479 31  
480 31  
481 31  
482 31  
483 31  
484 31  
485 31  
486 31  
487 31  
488 31  
489 31  
490 31  
491 31  
492 31  
493 31  
494 31  
495 31  
496 31  
497 31  
498 31  
499 31  
500 31  
501 31  
502 31  
503 31  
504 31  
505 31  
506 31  
507 31  
508 31  
509 31  
510 31  
511 31  
512 31  
513 31  
514 31  
515 31  
516 31  
517 31  
518 31  
519 31  
520 31  
521 31  
522 31  
523 31  
524 31  
525 31  
526 31  
527 31  
528 31  
529 31  
530 31  
531 31  
532 31  
533 31  
534 31  
535 31  
536 31  
537 31  
538 31  
539 31  
540 31  
541 31  
542 31  
543 31  
544 31  
545 31  
546 31  
547 31  
548 31  
549 31  
550 31  
551 31  
552 31  
553 31  
554 31  
555 31  
556 31  
557 31  
558 31  
559 31  
560 31  
561 31  
562 31  
563 31  
564 31  
565 31  
566 31  
567 31  
568 31  
569 31  
570 31  
571 31  
572 31  
573 31  
574 31  
575 31  
576 31  
577 31  
578 31  
579 31  
580 31  
581 31  
582 31  
583 31  
584 31  
585 31  
586 31  
587 31  
588 31  
589 31  
590 31  
591 31  
592 31  
593 31  
594 31  
595 31  
596 31  
597 31  
598 31  
599 31  
600 31  
601 31  
602 31  
603 31  
604 31  
605 31  
606 31  
607 31  
608 31  
609 31  
610 31  
611 31  
612 31  
613 31  
614 31  
615 31  
616 31  
617 31  
618 31  
619 31  
620 31  
621 31  
622 31  
623 31  
624 31  
625 31  
626 31  
627 31  
628 31  
629 31  
630 31  
631 31  
632 31  
633 31  
634 31  
635 31  
636 31  
637 31  
638 31  
639 31  
640 31  
641 31  
642 31  
643 31  
644 31  
645 31  
646 31  
647 31  
648 31  
649 31  
650 31  
651 31  
652 31  
653 31  
654 31  
655 31  
656 31  
657 31  
658 31  
659 31  
660 31  
661 31  
662 31  
663 31  
664 31  
665 31  
666 31  
667 31  
668 31  
669 31  
670 31  
671 31  
672 31  
673 31  
674 31  
675 31  
676 31  
677 31  
678 31  
679 31  
680 31  
681 31  
682 31  
683 31  
684 31  
685 31  
686 31  
687 31  
688 31  
689 31  
690 31  
691 31  
692 31  
693 31  
694 31  
695 31  
696 31  
697 31  
698 31  
699 31  
700 31  
701 31  
702 31  
703 31  
704 31  
705 31  
706 31  
707 31  
708 31  
709 31  
710 31  
711 31  
712 31  
713 31  
714 31  
715 31  
716 31  
717 31  
718 31  
719 31  
720 31  
721 31  
722 31  
723 31  
724 31  
725 31  
726 31  
727 31  
728 31  
729 31  
730 31  
731 31  
732 31  
733 31  
734 31  
735 31  
736 31  
737 31  
738 31  
739 31  
740 31  
741 31  
742 31  
743 31  
744 31  
745 31  
746 31  
747 31  
748 31  
749 31  
750 31  
751 31  
752 31  
753 31  
754 31  
755 31  
756 31  
757 31  
758 31  
759 31  
760 31  
761 31  
762 31  
763 31  
764 31  
765 31  
766 31  
767 31  
768 31  
769 31  
770 31  
771 31  
772 31  
773 31  
774 31  
775 31  
776 31  
777 31  
778 31  
779 31  
780 31  
781 31  
782 31  
783 31  
784 31  
785 31  
786 31  
787 31  
788 31  
789 31  
790 31  
791 31  
792 31  
793 31  
794 31  
795 31  
796 31  
797 31  
798 31  
799 31  
800 31  
801 31  
802 31  
803 31  
804 31  
805 31  
806 31  
807 31  
808 31  
809 31  
810 31  
811 31  
812 31  
813 31  
814 31  
815 31  
816 31  
817 31  
818 31  
819 31  
820 31  
821 31  
822 31  
823 31  
824 31  
825 31  
826 31  
827 31  
828 31  
829 31  
830 31  
831 31  
832 31  
833 31  
834 31  
835 31  
836 31  
837 31  
838 31  
839 31  
840 31  
841 31  
842 31  
843 31  
844 31  
845 31  
846 31  
847 31  
848 31  
849 31  
850 31  
851 31  
852 31  
853 31  
854 31  
855 31  
856 31  
857 31  
858 31  
859 31  
860 31  
861 31  
862 31  
863 31  
864 31  
865 31  
866 31  
867 31  
868 31  
869 31  
870 31  
871 31  
872 31  
873 31  
874 31  
875 31  
876 31  
877 31  
878 31  
879 31  
880 31  
881 31  
882 31  
883 31  
884 31  
885 31  
886 31  
887 31  
888 31  
889 31  
890 31  
891 31  
892 31  
893 31  
894 31  
895 31  
896 31  
897 31  
898 31  
899 31  
900 31  
901 31  
902 31  
903 31  
904 31  
905 31  
906 31  
907 31  
908 31  
909 31  
910 31  
911 31  
912 31  
913 31  
914 31  
915 31  
916 31  
917 31  
918 31  
919 31  
920 31  
921 31  
922 31  
923 31  
924 31  
925 31  
926 31  
927 31  
928 31  
929 31  
930 31  
931 31  
932 31  
933 31  
934 31  
935 31  
936 31  
937 31  
938 31  
939 31  
940 31  
941 31  
942 31  
943 31  
944 31  
945 31  
946 31  
947 31  
948 31  
949 31  
950 31  
951 31  
952 31  
953 31  
954 31  
955 31  
956 31  
957 31  
958 31  
959 31  
960 31  
961 31  
962 31  
963 31  
964 31  
965 31  
966 31  
967 31  
968 31  
969 31  
970 31  
971 31  
972 31  
973 31  
974 31  
975 31  
976 31  
977 31  
978 31  
979 31  
980 31  
981 31  
982 31  
983 31  
984 31  
985 31  
986 31  
987 31  
988 31  
989 31  
990 31  
991 31  
992 31  
993 31  
994 31  
995 31  
996 31  
997 31  
998 31  
999 31  
1000    31  
1001    31  
1002    31  
1003    31  
1004    31  
1005    31  
1006    31  
1007    31  
1008    31  
1009    31  
1010    31  
1011    31  
1012    31  
1013    31  
1014    31  
1015    31  
1016    31  
1017    31  
1018    31  
1019    31  
1020    31  
1021    31  
1022    31  
1023    31  
