# Compressed shapes 7->4 bits.
# Index is shape (7 bits). Compressed shape is encoded on 4 bits
#anything after # is ignored with the exception of the header
#the header is first valid line starting with #<header> versionStr(unused but may be in future) nrBitsAddress nrBitsData </header>
#<header> V4 7 4 </header>>

0 0
1 1
2 1
3 2
4 3
5 2
6 2
7 4
8 5
9 6
10 7
11 8
12 5
13 9
14 8
15 10
16 5
17 7
18 6
19 8
20 5
21 8
22 9
23 10
24 15
25 15
26 15
27 15
28 11
29 12
30 12
31 15
32 15
33 9
34 15
35 13
36 15
37 14
38 15
39 11
40 15
41 12
42 15
43 15
44 15
45 12
46 15
47 15
48 15
49 15
50 15
51 15
52 15
53 15
54 15
55 15
56 15
57 15
58 15
59 15
60 15
61 15
62 15
63 15
64 15
65 15
66 9
67 13
68 15
69 15
70 14
71 11
72 15
73 15
74 15
75 15
76 15
77 15
78 15
79 15
80 15
81 15
82 12
83 15
84 15
85 15
86 12
87 15
88 15
89 15
90 15
91 15
92 15
93 15
94 15
95 15
96 15
97 15
98 15
99 11
100 15
101 15
102 15
103 15
104 15
105 15
106 15
107 15
108 15
109 15
110 15
111 15
112 15
113 15
114 15
115 15
116 15
117 15
118 15
119 15
120 15
121 15
122 15
123 15
124 15
125 15
126 15
127 15
